0 0.773828 0.540972 0.042969 0.095833
0 0.646094 0.370833 0.020313 0.047222
0 0.611328 0.322917 0.013281 0.029167
0 0.589063 0.300000 0.010937 0.022222
0 0.592187 0.288194 0.007812 0.018056
0 0.608984 0.281944 0.007031 0.013889
0 0.612109 0.279167 0.007031 0.016667
0 0.622656 0.275000 0.004687 0.011111
0 0.628125 0.272222 0.003125 0.008333
0 0.633984 0.270139 0.003906 0.012500
0 0.626953 0.267361 0.003906 0.012500
0 0.607031 0.263194 0.003125 0.009722
1 0.273828 0.542361 0.050781 0.095833
1 0.399219 0.375000 0.018750 0.047222
1 0.441797 0.325694 0.011719 0.026389
1 0.464844 0.301389 0.007812 0.022222
1 0.491016 0.288194 0.007031 0.015278
1 0.514844 0.281944 0.004687 0.013889
1 0.537891 0.275000 0.003906 0.011111
1 0.555859 0.271528 0.003906 0.009722
1 0.569922 0.268750 0.002344 0.009722
