1 0.256250 0.565972 0.045312 0.104167
1 0.392969 0.381944 0.023438 0.050000
1 0.439063 0.329861 0.015625 0.029167
1 0.461328 0.304167 0.010156 0.025000
1 0.488672 0.289583 0.005469 0.015278
1 0.512500 0.283333 0.004687 0.013889
1 0.534375 0.276389 0.004687 0.013889
1 0.552734 0.275000 0.003906 0.011111
1 0.567187 0.270139 0.003125 0.009722
1 0.574219 0.268750 0.003125 0.009722
1 0.558594 0.264583 0.003125 0.009722
1 0.545312 0.264583 0.003125 0.009722
0 0.785156 0.563194 0.051562 0.106944
0 0.648047 0.380556 0.021094 0.050000
0 0.609766 0.327778 0.014844 0.033333
0 0.587109 0.302083 0.010156 0.023611
0 0.588672 0.288889 0.005469 0.016667
0 0.606641 0.284028 0.005469 0.012500
0 0.608984 0.279861 0.005469 0.012500
0 0.619922 0.275694 0.005469 0.012500
0 0.625391 0.272222 0.003906 0.011111
0 0.631641 0.270833 0.003906 0.011111
