0 0.874609 0.327778 0.011719 0.027778
0 0.843359 0.329861 0.011719 0.031944
0 0.816406 0.336111 0.009375 0.027778
0 0.797266 0.342361 0.013281 0.034722
0 0.773047 0.372917 0.019531 0.043056
0 0.794531 0.460417 0.028125 0.081944
0 0.872266 0.633333 0.052344 0.136111
1 0.766016 0.303472 0.008594 0.029167
1 0.720313 0.305556 0.010937 0.025000
1 0.672266 0.309028 0.011719 0.026389
1 0.625000 0.327778 0.012500 0.036111
1 0.546875 0.349306 0.017188 0.040278
1 0.446484 0.404167 0.024219 0.061111
1 0.281250 0.550694 0.042188 0.106944
