1 0.209766 0.665972 0.057031 0.131944
1 0.251172 0.466667 0.027344 0.069444
1 0.257812 0.412500 0.021875 0.052778
1 0.225000 0.388889 0.018750 0.038889
1 0.161719 0.380556 0.014063 0.033333
1 0.107422 0.379167 0.011719 0.027778
1 0.070312 0.379167 0.010937 0.025000
1 0.059766 0.374306 0.007031 0.018056
1 0.063672 0.364583 0.007031 0.018056
1 0.080859 0.352778 0.005469 0.016667
1 0.116016 0.332639 0.005469 0.009722
1 0.139063 0.322222 0.004687 0.011111
1 0.094922 0.341667 0.005469 0.013889
0 0.194531 0.309028 0.004687 0.012500
0 0.179297 0.313889 0.005469 0.013889
0 0.166406 0.320833 0.006250 0.013889
0 0.158594 0.325000 0.004687 0.016667
0 0.151953 0.332639 0.005469 0.015278
0 0.162500 0.337500 0.007812 0.016667
0 0.178125 0.339583 0.009375 0.020833
0 0.223047 0.334722 0.008594 0.022222
0 0.292969 0.329861 0.012500 0.026389
0 0.381641 0.328472 0.013281 0.031944
0 0.450000 0.341667 0.017188 0.038889
0 0.519141 0.369444 0.024219 0.050000
0 0.635156 0.430556 0.031250 0.066667
0 0.805078 0.601389 0.055469 0.119444
