1 0.191016 0.587500 0.050781 0.105556
1 0.314453 0.447222 0.033594 0.069444
1 0.405469 0.381250 0.026562 0.051389
1 0.474609 0.338889 0.019531 0.036111
1 0.519922 0.320833 0.013281 0.030556
1 0.566797 0.309722 0.013281 0.027778
1 0.633984 0.304861 0.013281 0.020833
1 0.683984 0.298611 0.008594 0.019444
1 0.715625 0.298611 0.006250 0.016667
1 0.738281 0.299306 0.004687 0.015278
1 0.727344 0.288889 0.006250 0.016667
1 0.719922 0.284722 0.003906 0.011111
1 0.699219 0.279861 0.004687 0.012500
1 0.662500 0.273611 0.004687 0.013889
0 0.706641 0.272917 0.003906 0.015278
0 0.747656 0.281944 0.004687 0.013889
0 0.775000 0.291667 0.004687 0.013889
0 0.794141 0.297917 0.005469 0.018056
0 0.816016 0.308333 0.007031 0.016667
0 0.825781 0.315278 0.006250 0.019444
0 0.819531 0.322917 0.007812 0.020833
0 0.807031 0.331250 0.009375 0.026389
0 0.780078 0.337500 0.013281 0.033333
0 0.761328 0.348611 0.014844 0.033333
0 0.723437 0.372917 0.018750 0.045833
0 0.714063 0.431944 0.026562 0.066667
0 0.784375 0.575694 0.043750 0.106944
0 0.990234 0.977083 0.019531 0.043056
