1 0.012891 0.909028 0.024219 0.106944
1 0.312500 0.506944 0.045312 0.083333
1 0.444922 0.385417 0.021094 0.045833
1 0.503516 0.341667 0.014844 0.030556
1 0.531641 0.316667 0.011719 0.025000
1 0.544922 0.305556 0.010156 0.025000
1 0.536328 0.295833 0.007031 0.019444
1 0.503906 0.293056 0.007812 0.019444
1 0.477344 0.291667 0.007812 0.016667
1 0.442188 0.288889 0.004687 0.013889
1 0.411719 0.284722 0.004687 0.013889
1 0.394922 0.284028 0.003906 0.012500
1 0.380859 0.284028 0.003906 0.009722
1 0.374219 0.281944 0.003125 0.008333
0 0.791016 0.480556 0.035156 0.077778
0 0.730469 0.402778 0.020313 0.055556
0 0.710547 0.355556 0.017969 0.041667
0 0.682813 0.324306 0.012500 0.029167
0 0.669141 0.306944 0.008594 0.022222
0 0.638672 0.294444 0.008594 0.019444
0 0.589063 0.285417 0.007812 0.018056
0 0.536328 0.280556 0.003906 0.013889
0 0.498828 0.279167 0.003906 0.013889
0 0.467578 0.275694 0.003906 0.012500
0 0.454297 0.274306 0.003906 0.012500
0 0.439063 0.272222 0.003125 0.011111
0 0.433594 0.274306 0.003125 0.009722
0 0.429688 0.269444 0.003125 0.008333
0 0.966797 0.868750 0.066406 0.229167
