0 0.773047 0.570139 0.044531 0.109722
0 0.594141 0.416667 0.025781 0.069444
0 0.456641 0.363194 0.016406 0.043056
0 0.348828 0.343056 0.011719 0.030556
0 0.291797 0.338889 0.010156 0.027778
0 0.251953 0.330556 0.007031 0.019444
0 0.239453 0.325694 0.007031 0.018056
0 0.228516 0.322222 0.003906 0.013889
0 0.223828 0.318056 0.003906 0.013889
0 0.228516 0.311806 0.003906 0.015278
0 0.241016 0.305556 0.003906 0.013889
0 0.264062 0.296528 0.003125 0.012500
0 0.295703 0.288194 0.003906 0.006944
0 0.315234 0.285417 0.003906 0.009722
0 0.339453 0.279167 0.003906 0.005556
1 0.151562 0.708333 0.059375 0.136111
1 0.255078 0.484028 0.032031 0.079167
1 0.206250 0.440972 0.021875 0.054167
1 0.177344 0.413889 0.014063 0.041667
1 0.144922 0.392361 0.011719 0.029167
1 0.133594 0.373611 0.009375 0.025000
1 0.128516 0.363889 0.005469 0.022222
1 0.127344 0.355556 0.004687 0.019444
1 0.131641 0.345139 0.005469 0.015278
1 0.141797 0.336806 0.005469 0.015278
1 0.154297 0.329167 0.003906 0.013889
1 0.172656 0.321528 0.004687 0.012500
1 0.193359 0.312500 0.003906 0.011111
1 0.212891 0.305556 0.003906 0.011111
