0 0.710547 0.523611 0.044531 0.094444
0 0.578125 0.409722 0.028125 0.058333
0 0.529297 0.352778 0.016406 0.038889
0 0.520703 0.329167 0.013281 0.033333
0 0.512891 0.315278 0.011719 0.027778
0 0.517188 0.306944 0.009375 0.025000
0 0.529297 0.295833 0.008594 0.022222
0 0.549219 0.288889 0.007812 0.019444
0 0.583984 0.284028 0.005469 0.015278
0 0.627344 0.281944 0.006250 0.016667
0 0.652734 0.283333 0.005469 0.013889
0 0.685547 0.284028 0.003906 0.012500
0 0.713672 0.283333 0.003906 0.011111
0 0.733984 0.283333 0.002344 0.008333
0 0.741797 0.281944 0.002344 0.008333
0 0.738672 0.279167 0.003906 0.011111
0 0.733984 0.276389 0.003906 0.008333
0 0.721484 0.272917 0.003906 0.009722
1 0.685547 0.273611 0.003906 0.011111
1 0.682031 0.274306 0.004687 0.009722
1 0.659375 0.275000 0.004687 0.008333
1 0.633203 0.272222 0.003906 0.011111
1 0.593750 0.271528 0.003125 0.012500
1 0.550781 0.272917 0.004687 0.012500
1 0.522656 0.275000 0.004687 0.013889
1 0.497656 0.279167 0.004687 0.013889
1 0.465625 0.283333 0.004687 0.013889
1 0.437109 0.290278 0.007031 0.019444
1 0.414062 0.299306 0.007812 0.018056
1 0.389062 0.310417 0.009375 0.020833
1 0.365625 0.328472 0.010937 0.026389
1 0.343359 0.346528 0.013281 0.031944
1 0.314453 0.378472 0.016406 0.040278
1 0.242188 0.465278 0.031250 0.063889
1 0.134375 0.670833 0.056250 0.119444
