0 0.510547 0.271528 0.005469 0.018056
0 0.486719 0.275694 0.006250 0.018056
0 0.464844 0.281250 0.006250 0.018056
0 0.446875 0.287500 0.006250 0.019444
0 0.425000 0.299306 0.007812 0.023611
0 0.418359 0.317361 0.010156 0.026389
0 0.426172 0.333333 0.014844 0.033333
0 0.480469 0.363194 0.018750 0.045833
0 0.618750 0.432639 0.029687 0.068056
0 0.929688 0.675000 0.060937 0.138889
1 0.015625 0.965278 0.029687 0.069444
1 0.200000 0.529167 0.032813 0.086111
1 0.228516 0.410417 0.021094 0.048611
1 0.237891 0.366667 0.013281 0.033333
1 0.267969 0.338889 0.010937 0.025000
1 0.303906 0.316667 0.007812 0.022222
1 0.343750 0.300000 0.007812 0.019444
1 0.375000 0.287500 0.006250 0.013889
1 0.407422 0.280556 0.005469 0.016667
1 0.442969 0.271528 0.004687 0.012500
