1 0.239844 0.580556 0.045312 0.102778
1 0.385156 0.385417 0.021875 0.048611
1 0.431641 0.329167 0.013281 0.027778
1 0.470703 0.304861 0.008594 0.020833
1 0.501953 0.294444 0.007031 0.016667
1 0.529297 0.286111 0.005469 0.013889
1 0.550781 0.281250 0.004687 0.012500
1 0.565234 0.275694 0.003906 0.009722
1 0.572266 0.272222 0.003906 0.011111
1 0.555078 0.266667 0.003906 0.011111
1 0.540625 0.268056 0.004687 0.008333
0 0.577344 0.264583 0.004687 0.009722
0 0.606250 0.267361 0.003125 0.012500
0 0.630078 0.272917 0.003906 0.012500
0 0.639453 0.276389 0.003906 0.011111
0 0.635156 0.280556 0.003125 0.011111
0 0.630859 0.285417 0.005469 0.015278
0 0.620703 0.288194 0.005469 0.015278
0 0.619141 0.292361 0.005469 0.012500
0 0.618750 0.297222 0.006250 0.019444
0 0.600391 0.306250 0.008594 0.020833
0 0.654687 0.384028 0.021875 0.051389
0 0.603516 0.328472 0.014844 0.031944
0 0.789844 0.574306 0.050000 0.104167
