0 0.746875 0.569444 0.046875 0.105556
0 0.714063 0.420833 0.025000 0.061111
0 0.741797 0.370833 0.017969 0.041667
0 0.755078 0.352083 0.013281 0.037500
0 0.778125 0.339583 0.010937 0.026389
0 0.783203 0.325694 0.008594 0.020833
0 0.785156 0.315278 0.006250 0.019444
0 0.769922 0.305556 0.007031 0.016667
0 0.743750 0.296528 0.006250 0.015278
0 0.721094 0.288889 0.004687 0.013889
0 0.690625 0.281250 0.004687 0.012500
0 0.646094 0.273611 0.004687 0.013889
0 0.604688 0.268056 0.004687 0.013889
0 0.573438 0.263889 0.004687 0.011111
0 0.556641 0.261806 0.003906 0.012500
0 0.544922 0.253472 0.003906 0.009722
0 0.539453 0.257639 0.003906 0.009722
0 0.535156 0.256250 0.003125 0.009722
1 0.526953 0.266667 0.003906 0.011111
1 0.560937 0.269444 0.004687 0.011111
1 0.600391 0.274306 0.003906 0.012500
1 0.639453 0.279861 0.005469 0.015278
1 0.664062 0.288194 0.004687 0.015278
1 0.674609 0.290972 0.007031 0.018056
1 0.688281 0.301389 0.007812 0.019444
1 0.665625 0.304167 0.007812 0.019444
1 0.631641 0.306944 0.010156 0.022222
1 0.576172 0.317361 0.011719 0.029167
1 0.496094 0.332639 0.014063 0.031944
1 0.435156 0.352778 0.017188 0.036111
1 0.370312 0.390972 0.023438 0.048611
1 0.254297 0.486806 0.038281 0.076389
1 0.066016 0.673611 0.060156 0.127778
