1 0.204297 0.529861 0.035156 0.084722
1 0.286328 0.407639 0.021094 0.051389
1 0.354297 0.354167 0.013281 0.033333
1 0.414453 0.321528 0.011719 0.029167
1 0.469922 0.301389 0.010156 0.025000
1 0.510156 0.289583 0.007812 0.020833
1 0.551953 0.281250 0.007031 0.020833
1 0.592969 0.275694 0.006250 0.018056
0 0.674219 0.284722 0.007812 0.019444
0 0.645703 0.287500 0.007031 0.019444
0 0.621094 0.291667 0.007812 0.019444
0 0.600391 0.299306 0.011719 0.026389
0 0.571094 0.313889 0.012500 0.030556
0 0.563672 0.345139 0.019531 0.040278
0 0.572266 0.387500 0.027344 0.050000
0 0.674609 0.497222 0.035156 0.091667
