1 0.203516 0.605556 0.057031 0.108333
1 0.364063 0.388194 0.023438 0.051389
1 0.436328 0.329167 0.011719 0.030556
1 0.482422 0.308333 0.011719 0.025000
1 0.518750 0.297222 0.007812 0.019444
1 0.543359 0.286806 0.007031 0.018056
1 0.547266 0.272917 0.003906 0.009722
1 0.529687 0.269444 0.004687 0.013889
1 0.505859 0.267361 0.003906 0.009722
1 0.482812 0.264583 0.003125 0.009722
1 0.469531 0.263889 0.003125 0.008333
1 0.458203 0.263889 0.003906 0.008333
0 0.812500 0.600000 0.051562 0.111111
0 0.639453 0.384722 0.022656 0.052778
0 0.618359 0.331944 0.013281 0.033333
0 0.635938 0.312500 0.009375 0.025000
0 0.633203 0.302083 0.008594 0.020833
0 0.644531 0.295833 0.006250 0.013889
0 0.644922 0.288194 0.005469 0.015278
0 0.647656 0.281944 0.004687 0.016667
0 0.634766 0.276389 0.003906 0.011111
0 0.606641 0.270139 0.003906 0.012500
0 0.571484 0.266667 0.003906 0.011111
1 0.560937 0.280556 0.006250 0.013889
1 0.570312 0.277778 0.004687 0.011111
1 0.567969 0.272917 0.003125 0.009722
