0 0.721875 0.472222 0.032813 0.077778
0 0.705469 0.379861 0.018750 0.048611
0 0.683594 0.350694 0.015625 0.034722
0 0.685156 0.326389 0.010937 0.027778
0 0.673828 0.307639 0.008594 0.023611
0 0.668359 0.296528 0.007031 0.018056
0 0.646484 0.287500 0.005469 0.016667
0 0.606641 0.278472 0.005469 0.015278
0 0.562500 0.275000 0.004687 0.013889
0 0.529687 0.272222 0.004687 0.013889
0 0.502344 0.270833 0.003125 0.008333
0 0.488281 0.268750 0.003125 0.009722
0 0.476172 0.267361 0.003906 0.009722
1 0.452344 0.275000 0.003125 0.011111
1 0.479687 0.277778 0.004687 0.011111
1 0.510547 0.279861 0.003906 0.012500
1 0.533984 0.282639 0.005469 0.012500
1 0.565234 0.292361 0.007031 0.020833
1 0.554688 0.300000 0.007812 0.019444
1 0.532031 0.313889 0.009375 0.022222
1 0.492969 0.336806 0.015625 0.034722
1 0.424609 0.379861 0.024219 0.048611
1 0.303125 0.476389 0.031250 0.075000
