1 0.101172 0.627083 0.053906 0.115278
1 0.272266 0.472222 0.035156 0.072222
1 0.355078 0.402083 0.028906 0.056944
1 0.324609 0.363889 0.017969 0.036111
1 0.307031 0.348611 0.015625 0.033333
1 0.266797 0.344444 0.013281 0.027778
1 0.201953 0.348611 0.011719 0.025000
1 0.143750 0.352778 0.009375 0.022222
1 0.099609 0.361806 0.008594 0.018056
1 0.078125 0.361111 0.006250 0.016667
1 0.071875 0.356250 0.006250 0.015278
1 0.080078 0.348611 0.005469 0.013889
1 0.086719 0.342361 0.004687 0.012500
1 0.101172 0.335417 0.003906 0.012500
1 0.120703 0.327083 0.005469 0.009722
0 0.173437 0.312500 0.004687 0.011111
0 0.160547 0.317361 0.005469 0.012500
0 0.152734 0.322222 0.005469 0.011111
0 0.147656 0.329167 0.004687 0.013889
0 0.165234 0.330556 0.007031 0.013889
0 0.184766 0.329167 0.008594 0.016667
0 0.229297 0.323611 0.007031 0.019444
0 0.292187 0.314583 0.009375 0.020833
0 0.367188 0.308333 0.010937 0.025000
0 0.421875 0.311806 0.012500 0.026389
0 0.470703 0.320833 0.013281 0.030556
0 0.538281 0.336111 0.015625 0.036111
0 0.606641 0.372222 0.022656 0.050000
0 0.675781 0.450694 0.032813 0.076389
0 0.891406 0.761806 0.075000 0.170833
