0 0.772266 0.535417 0.044531 0.101389
0 0.646484 0.372917 0.021094 0.048611
0 0.611719 0.322917 0.014063 0.031944
0 0.589063 0.297917 0.009375 0.018056
0 0.592578 0.286806 0.008594 0.018056
0 0.609766 0.280556 0.007031 0.019444
0 0.613672 0.276389 0.005469 0.011111
0 0.624609 0.272917 0.003906 0.006944
0 0.628516 0.270833 0.003906 0.008333
1 0.278125 0.538194 0.040625 0.098611
1 0.399609 0.376389 0.017969 0.047222
1 0.442578 0.324306 0.011719 0.029167
1 0.466797 0.299306 0.007031 0.020833
1 0.490625 0.285417 0.006250 0.018056
1 0.516797 0.278472 0.005469 0.012500
1 0.538672 0.274306 0.005469 0.009722
1 0.556641 0.269444 0.003906 0.011111
1 0.571094 0.266667 0.003125 0.011111
1 0.578125 0.266667 0.003125 0.011111
0 0.635547 0.268056 0.003906 0.008333
0 0.626953 0.265278 0.003906 0.008333
0 0.607812 0.261806 0.003125 0.006944
0 0.582422 0.258333 0.003906 0.008333
