0 0.771094 0.546528 0.051562 0.115278
0 0.651953 0.388889 0.025781 0.061111
0 0.603516 0.336111 0.016406 0.047222
0 0.550781 0.308333 0.014063 0.033333
0 0.491016 0.295139 0.011719 0.029167
0 0.445703 0.290278 0.010156 0.025000
0 0.394141 0.287500 0.008594 0.019444
0 0.323828 0.292361 0.008594 0.018056
0 0.263672 0.300694 0.008594 0.018056
0 0.220703 0.306250 0.007031 0.015278
0 0.200781 0.307639 0.006250 0.018056
0 0.182422 0.309028 0.005469 0.012500
0 0.180469 0.306250 0.004687 0.012500
0 0.183594 0.301389 0.004687 0.013889
0 0.190234 0.295833 0.003906 0.011111
0 0.201172 0.293750 0.005469 0.012500
1 0.150391 0.306250 0.003906 0.012500
1 0.133984 0.313889 0.003906 0.011111
1 0.122266 0.320833 0.003906 0.011111
1 0.117578 0.326389 0.003906 0.011111
1 0.111328 0.332639 0.005469 0.015278
1 0.120313 0.338194 0.006250 0.015278
1 0.143359 0.336806 0.007031 0.018056
1 0.188281 0.327083 0.007812 0.020833
1 0.244531 0.322222 0.009375 0.025000
1 0.307031 0.316667 0.009375 0.025000
1 0.346094 0.319444 0.012500 0.030556
1 0.366016 0.329167 0.014844 0.036111
1 0.398438 0.357639 0.021875 0.048611
1 0.342187 0.404861 0.026562 0.059722
1 0.228516 0.491667 0.035156 0.077778
