1 0.255859 0.511806 0.038281 0.079167
1 0.397266 0.377083 0.017969 0.043056
1 0.463281 0.337500 0.015625 0.030556
1 0.508594 0.315972 0.010937 0.026389
1 0.538672 0.302778 0.008594 0.019444
1 0.558203 0.291667 0.005469 0.016667
1 0.568750 0.287500 0.004687 0.016667
1 0.564844 0.284028 0.004687 0.015278
1 0.541797 0.280556 0.003906 0.011111
1 0.521484 0.277778 0.005469 0.013889
1 0.494141 0.277778 0.003906 0.011111
1 0.469141 0.274306 0.003906 0.009722
0 0.715234 0.501389 0.036719 0.083333
0 0.648828 0.375694 0.016406 0.045833
0 0.658984 0.338889 0.013281 0.033333
0 0.651172 0.322222 0.010156 0.027778
0 0.659375 0.311111 0.006250 0.022222
0 0.656250 0.298611 0.006250 0.013889
0 0.656250 0.288889 0.003125 0.011111
0 0.639453 0.283333 0.003906 0.013889
0 0.605469 0.279167 0.004687 0.013889
0 0.567187 0.271528 0.003125 0.009722
0 0.538672 0.271528 0.003906 0.012500
0 0.514062 0.268750 0.003125 0.009722
0 0.502344 0.268750 0.003125 0.009722
