0 0.924219 0.623611 0.054688 0.113889
0 0.822656 0.472222 0.032813 0.075000
0 0.766016 0.402083 0.022656 0.054167
0 0.751172 0.370139 0.017969 0.040278
0 0.767969 0.330556 0.010937 0.030556
0 0.803906 0.325000 0.010937 0.027778
0 0.752734 0.345139 0.014844 0.031944
0 0.853516 0.326389 0.008594 0.022222
0 0.881250 0.328472 0.009375 0.023611
0 0.919141 0.331250 0.007031 0.018056
0 0.947656 0.331944 0.006250 0.016667
0 0.967578 0.332639 0.003906 0.015278
0 0.970703 0.327778 0.003906 0.016667
0 0.960156 0.322222 0.004687 0.011111
0 0.948828 0.317361 0.003906 0.012500
0 0.928125 0.309028 0.004687 0.012500
1 0.792578 0.301389 0.005469 0.019444
1 0.837500 0.304861 0.004687 0.015278
1 0.868359 0.308333 0.005469 0.013889
1 0.893750 0.315278 0.003125 0.011111
1 0.890625 0.306250 0.004687 0.012500
1 0.893750 0.301389 0.004687 0.011111
1 0.876563 0.300694 0.004687 0.012500
1 0.848828 0.293056 0.003906 0.011111
0 0.836719 0.284028 0.003125 0.009722
0 0.861328 0.292361 0.003906 0.012500
1 0.741016 0.297917 0.008594 0.018056
1 0.707422 0.295139 0.007031 0.018056
1 0.678125 0.298611 0.009375 0.022222
1 0.639844 0.303472 0.009375 0.023611
1 0.603516 0.311111 0.011719 0.025000
1 0.573438 0.323611 0.014063 0.027778
1 0.537109 0.345139 0.016406 0.037500
1 0.494531 0.386806 0.023438 0.051389
1 0.439844 0.464583 0.032813 0.076389
1 0.310937 0.636111 0.039062 0.080556
