1 0.039453 0.620833 0.050781 0.108333
1 0.217969 0.478472 0.035937 0.068056
1 0.394141 0.390972 0.028906 0.054167
1 0.486328 0.338194 0.016406 0.040278
1 0.535156 0.324306 0.014063 0.031944
1 0.563281 0.311806 0.010937 0.026389
1 0.538281 0.299306 0.009375 0.018056
1 0.521875 0.292361 0.009375 0.020833
1 0.489844 0.288194 0.009375 0.018056
1 0.437109 0.284722 0.005469 0.013889
1 0.388281 0.285417 0.006250 0.012500
1 0.347266 0.286806 0.005469 0.015278
1 0.323047 0.286806 0.005469 0.012500
1 0.311328 0.284722 0.003906 0.011111
1 0.317578 0.274306 0.003906 0.009722
1 0.329297 0.272222 0.003906 0.011111
0 0.374609 0.265278 0.003906 0.011111
0 0.367578 0.267361 0.003906 0.009722
0 0.361328 0.270833 0.005469 0.011111
0 0.365625 0.274306 0.003125 0.009722
0 0.385547 0.273611 0.005469 0.011111
0 0.404297 0.276389 0.005469 0.013889
0 0.442969 0.275694 0.004687 0.015278
0 0.494141 0.275694 0.005469 0.015278
0 0.550781 0.278472 0.007812 0.018056
0 0.591016 0.285417 0.007031 0.018056
0 0.623828 0.293750 0.008594 0.018056
0 0.662891 0.305556 0.008594 0.022222
0 0.692969 0.320139 0.010937 0.026389
0 0.707422 0.340278 0.014844 0.033333
0 0.732812 0.377778 0.020313 0.044444
0 0.738281 0.436111 0.028125 0.061111
0 0.776172 0.535417 0.036719 0.095833
