1 0.316797 0.629861 0.052344 0.118056
1 0.418359 0.448611 0.033594 0.075000
1 0.481250 0.371528 0.020313 0.045833
1 0.525781 0.336111 0.017188 0.038889
1 0.560547 0.316667 0.013281 0.030556
1 0.602344 0.306944 0.010937 0.025000
1 0.641797 0.295833 0.010156 0.022222
1 0.673047 0.291667 0.007031 0.019444
1 0.707031 0.290972 0.007812 0.018056
1 0.761328 0.293750 0.007031 0.018056
1 0.806250 0.296528 0.006250 0.015278
1 0.837500 0.300000 0.004687 0.013889
1 0.860938 0.301389 0.004687 0.013889
1 0.858594 0.297917 0.004687 0.012500
1 0.854688 0.295139 0.003125 0.012500
1 0.839453 0.288194 0.003906 0.009722
1 0.810156 0.282639 0.003125 0.009722
0 0.795312 0.272917 0.003125 0.009722
0 0.820703 0.279167 0.003906 0.011111
0 0.889453 0.295833 0.003906 0.013889
0 0.910547 0.304167 0.003906 0.013889
0 0.896484 0.325000 0.008594 0.022222
0 0.925000 0.311806 0.004687 0.018056
0 0.937500 0.320833 0.006250 0.019444
0 0.921484 0.324306 0.007031 0.018056
0 0.859766 0.322917 0.010156 0.023611
0 0.833594 0.322917 0.010937 0.023611
0 0.785937 0.325000 0.010937 0.027778
0 0.752344 0.335417 0.012500 0.034722
0 0.743359 0.358333 0.017969 0.041667
0 0.754297 0.397917 0.025781 0.054167
0 0.787891 0.451389 0.032031 0.072222
0 0.900781 0.587500 0.051562 0.105556
