0 0.826562 0.611806 0.051562 0.118056
0 0.658984 0.386806 0.022656 0.056944
0 0.615625 0.329861 0.012500 0.034722
0 0.589844 0.304167 0.009375 0.022222
0 0.591797 0.290278 0.008594 0.022222
0 0.610156 0.284028 0.006250 0.012500
0 0.612891 0.279167 0.005469 0.013889
0 0.623828 0.276389 0.005469 0.011111
0 0.628125 0.275000 0.004687 0.011111
0 0.634375 0.270833 0.004687 0.011111
0 0.628125 0.268056 0.004687 0.011111
0 0.607031 0.263889 0.004687 0.011111
1 0.220312 0.611806 0.053125 0.126389
1 0.385156 0.393750 0.021875 0.051389
1 0.435547 0.331944 0.011719 0.027778
1 0.460547 0.306250 0.010156 0.023611
1 0.487500 0.289583 0.009375 0.018056
1 0.513672 0.282639 0.005469 0.015278
1 0.535547 0.277083 0.005469 0.012500
1 0.554297 0.272917 0.005469 0.012500
1 0.568750 0.268750 0.004687 0.009722
1 0.576172 0.268056 0.003906 0.011111
