0 0.864844 0.638889 0.054688 0.122222
0 0.553125 0.377778 0.023438 0.052778
0 0.466016 0.343056 0.019531 0.041667
0 0.363672 0.329861 0.013281 0.031944
0 0.288672 0.327083 0.008594 0.023611
0 0.244922 0.324306 0.007031 0.023611
0 0.232422 0.320139 0.007031 0.020833
0 0.225781 0.313889 0.006250 0.016667
0 0.236328 0.305556 0.003906 0.013889
0 0.246484 0.300694 0.005469 0.012500
0 0.261328 0.294444 0.003906 0.013889
0 0.278906 0.289583 0.004687 0.012500
1 0.196484 0.307639 0.003906 0.012500
1 0.174609 0.317361 0.003906 0.012500
1 0.157031 0.326389 0.004687 0.013889
1 0.135156 0.337500 0.006250 0.016667
1 0.122656 0.351389 0.007812 0.019444
1 0.124609 0.364583 0.008594 0.020833
1 0.153516 0.369444 0.011719 0.030556
1 0.197656 0.384722 0.017188 0.038889
1 0.251953 0.412500 0.025781 0.052778
1 0.267188 0.478472 0.034375 0.073611
1 0.209766 0.613194 0.049219 0.112500
