0 0.156641 0.309722 0.005469 0.013889
0 0.141797 0.315278 0.005469 0.013889
0 0.130078 0.321528 0.003906 0.015278
0 0.124609 0.327778 0.005469 0.013889
0 0.120313 0.331944 0.006250 0.019444
0 0.134766 0.336111 0.007031 0.016667
0 0.152344 0.334722 0.007812 0.019444
0 0.198047 0.329167 0.008594 0.022222
0 0.265234 0.321528 0.008594 0.023611
0 0.347266 0.315972 0.011719 0.026389
0 0.408594 0.324306 0.014063 0.031944
0 0.467969 0.339583 0.020313 0.040278
0 0.557813 0.373611 0.025000 0.052778
0 0.664062 0.451389 0.037500 0.075000
0 0.828906 0.690972 0.059375 0.148611
1 0.088672 0.704167 0.064844 0.133333
1 0.218359 0.368056 0.017969 0.038889
1 0.152344 0.366667 0.014063 0.030556
1 0.095312 0.371528 0.012500 0.026389
1 0.051562 0.377778 0.009375 0.022222
1 0.035547 0.373611 0.007031 0.019444
1 0.035937 0.364583 0.006250 0.018056
1 0.049219 0.354861 0.006250 0.015278
1 0.060937 0.343750 0.004687 0.015278
1 0.078125 0.336806 0.004687 0.015278
1 0.101172 0.326389 0.005469 0.013889
1 0.255078 0.378472 0.013281 0.037500
1 0.264453 0.412500 0.022656 0.055556
1 0.273438 0.504861 0.037500 0.095833
