0 0.768750 0.576389 0.046875 0.113889
0 0.621484 0.409028 0.025781 0.056944
0 0.525000 0.354167 0.015625 0.044444
0 0.426563 0.330556 0.012500 0.033333
0 0.338672 0.325000 0.010156 0.025000
0 0.284375 0.324306 0.009375 0.018056
0 0.244141 0.322917 0.007031 0.018056
0 0.229297 0.321528 0.005469 0.015278
0 0.214844 0.319444 0.006250 0.016667
0 0.209766 0.316667 0.003906 0.011111
0 0.218750 0.308333 0.003125 0.008333
0 0.212109 0.311806 0.003906 0.009722
1 0.205859 0.303472 0.003906 0.009722
1 0.187109 0.309028 0.003906 0.009722
1 0.170703 0.315278 0.003906 0.011111
1 0.152734 0.322222 0.003906 0.011111
1 0.137109 0.328472 0.003906 0.009722
1 0.129297 0.335417 0.003906 0.012500
1 0.123047 0.342361 0.003906 0.012500
1 0.125781 0.350000 0.004687 0.013889
1 0.133594 0.352778 0.006250 0.019444
1 0.144531 0.358333 0.007812 0.022222
1 0.170703 0.368750 0.010156 0.026389
1 0.214062 0.375000 0.014063 0.033333
1 0.250781 0.384028 0.017188 0.040278
1 0.303125 0.395833 0.021875 0.044444
1 0.288281 0.465972 0.028125 0.068056
1 0.199609 0.597917 0.049219 0.109722
