0 0.714453 0.467361 0.033594 0.073611
0 0.634375 0.359028 0.017188 0.043056
0 0.596484 0.321528 0.010156 0.026389
0 0.597266 0.304167 0.007031 0.022222
0 0.614453 0.295139 0.005469 0.018056
0 0.617578 0.291667 0.003906 0.016667
0 0.626953 0.286806 0.005469 0.015278
0 0.632031 0.281944 0.003125 0.011111
0 0.637109 0.277778 0.003906 0.011111
0 0.629687 0.276389 0.004687 0.011111
0 0.606641 0.270833 0.003906 0.011111
0 0.579688 0.268750 0.003125 0.009722
1 0.543750 0.271528 0.003125 0.006944
1 0.557813 0.271528 0.003125 0.009722
1 0.567187 0.278472 0.003125 0.009722
1 0.574609 0.275694 0.003906 0.009722
1 0.552734 0.283333 0.005469 0.013889
1 0.532813 0.288194 0.006250 0.015278
1 0.507812 0.294444 0.007812 0.016667
1 0.479297 0.304167 0.007031 0.016667
1 0.446875 0.324306 0.012500 0.026389
1 0.411328 0.363889 0.021094 0.038889
1 0.324219 0.472222 0.034375 0.069444
