1 0.185938 0.514583 0.039062 0.079167
1 0.302344 0.422917 0.025000 0.056944
1 0.392578 0.374306 0.021094 0.045833
1 0.501563 0.341667 0.015625 0.033333
1 0.567187 0.321528 0.012500 0.023611
1 0.605078 0.311806 0.010156 0.020833
1 0.628906 0.305556 0.009375 0.019444
1 0.611719 0.295833 0.007812 0.019444
1 0.597656 0.289583 0.006250 0.015278
1 0.571094 0.285417 0.006250 0.015278
1 0.524609 0.280556 0.003906 0.013889
1 0.480078 0.277083 0.003906 0.012500
0 0.476562 0.268056 0.003125 0.011111
0 0.494141 0.270139 0.003906 0.012500
0 0.528125 0.272917 0.004687 0.012500
0 0.457813 0.268056 0.003125 0.008333
0 0.453516 0.265278 0.003906 0.011111
0 0.464844 0.260417 0.003125 0.006944
0 0.576172 0.274306 0.003906 0.009722
0 0.625391 0.280556 0.003906 0.016667
0 0.659766 0.286806 0.007031 0.018056
0 0.686328 0.296528 0.007031 0.020833
0 0.717578 0.305556 0.007031 0.019444
0 0.739844 0.318056 0.009375 0.022222
0 0.745313 0.331944 0.009375 0.025000
0 0.750391 0.353472 0.014844 0.034722
0 0.737500 0.380556 0.018750 0.041667
0 0.737891 0.419444 0.024219 0.052778
0 0.744141 0.549306 0.039844 0.101389
