0 0.970703 0.718750 0.058594 0.145833
0 0.812109 0.506944 0.039844 0.100000
0 0.757812 0.426389 0.026562 0.075000
0 0.739453 0.378472 0.016406 0.048611
0 0.741406 0.347222 0.012500 0.041667
0 0.773047 0.329861 0.014844 0.034722
0 0.820312 0.327778 0.009375 0.027778
0 0.843750 0.326389 0.009375 0.025000
0 0.879687 0.331250 0.009375 0.029167
0 0.795312 0.279861 0.004687 0.012500
0 0.829297 0.287500 0.003906 0.011111
0 0.865625 0.299306 0.004687 0.015278
0 0.887891 0.306250 0.003906 0.012500
0 0.902344 0.312500 0.004687 0.013889
0 0.916406 0.319444 0.006250 0.013889
0 0.918359 0.326389 0.005469 0.013889
0 0.903516 0.328472 0.005469 0.018056
1 0.785547 0.281250 0.003906 0.012500
1 0.816016 0.291667 0.003906 0.013889
1 0.836719 0.300694 0.004687 0.015278
1 0.841016 0.304861 0.005469 0.015278
1 0.816797 0.303472 0.005469 0.015278
1 0.786719 0.300000 0.007812 0.016667
1 0.741406 0.299306 0.007812 0.018056
1 0.686719 0.295833 0.007812 0.019444
1 0.650391 0.295833 0.008594 0.022222
1 0.618359 0.303472 0.011719 0.023611
1 0.576172 0.313889 0.011719 0.030556
1 0.531641 0.329861 0.016406 0.031944
1 0.492578 0.354167 0.019531 0.041667
1 0.438281 0.403472 0.025000 0.054167
1 0.355859 0.521528 0.041406 0.093056
1 0.177344 0.879167 0.087500 0.180556
