1 0.131641 0.807639 0.061719 0.165278
1 0.159766 0.563194 0.038281 0.093056
1 0.172266 0.474306 0.022656 0.065278
1 0.168750 0.415278 0.015625 0.041667
1 0.185547 0.374306 0.011719 0.031944
1 0.194922 0.355556 0.008594 0.025000
1 0.202734 0.343056 0.007031 0.022222
1 0.215234 0.330556 0.007031 0.019444
1 0.232813 0.318056 0.006250 0.019444
1 0.249219 0.311806 0.004687 0.015278
1 0.271484 0.302083 0.003906 0.015278
1 0.297266 0.293750 0.003906 0.012500
1 0.319141 0.286806 0.003906 0.015278
1 0.342578 0.284028 0.003906 0.012500
1 0.379688 0.274306 0.003125 0.009722
1 0.415625 0.271528 0.003125 0.009722
1 0.439063 0.266667 0.003125 0.008333
0 0.460938 0.269444 0.004687 0.011111
0 0.431641 0.274306 0.003906 0.015278
0 0.409766 0.279167 0.005469 0.013889
0 0.373047 0.286806 0.005469 0.015278
0 0.344141 0.296528 0.007031 0.015278
0 0.328125 0.300694 0.006250 0.018056
0 0.319922 0.308333 0.005469 0.022222
0 0.319141 0.316667 0.005469 0.019444
0 0.327344 0.322917 0.010937 0.023611
0 0.336719 0.334028 0.012500 0.029167
0 0.373047 0.349306 0.014844 0.040278
0 0.444922 0.374306 0.022656 0.048611
0 0.602344 0.455556 0.037500 0.077778
0 0.897656 0.688889 0.062500 0.147222
