0 0.886719 0.638194 0.060937 0.126389
0 0.696875 0.429167 0.029687 0.066667
0 0.628906 0.360417 0.018750 0.040278
0 0.562500 0.329861 0.014063 0.031944
0 0.482031 0.315972 0.012500 0.026389
0 0.406641 0.309028 0.010156 0.023611
0 0.357422 0.309722 0.008594 0.019444
0 0.319141 0.309028 0.007031 0.018056
0 0.303125 0.306944 0.006250 0.016667
0 0.287500 0.306250 0.004687 0.012500
0 0.281641 0.305556 0.003906 0.013889
0 0.280078 0.302083 0.003906 0.012500
0 0.285156 0.295833 0.003125 0.008333
0 0.301563 0.290972 0.003125 0.009722
1 0.267969 0.293056 0.003125 0.011111
1 0.251172 0.297917 0.003906 0.009722
1 0.237891 0.302778 0.002344 0.008333
1 0.224219 0.308333 0.003125 0.008333
1 0.212109 0.313889 0.003906 0.011111
1 0.207031 0.316667 0.003125 0.011111
1 0.204687 0.323611 0.003125 0.013889
1 0.209766 0.326389 0.003906 0.016667
1 0.220703 0.327778 0.007031 0.016667
1 0.236719 0.332639 0.006250 0.020833
1 0.268359 0.336111 0.010156 0.022222
1 0.311719 0.339583 0.010937 0.026389
1 0.348438 0.344444 0.014063 0.030556
1 0.397266 0.351389 0.017969 0.033333
1 0.401562 0.382639 0.020313 0.043056
1 0.367188 0.430556 0.029687 0.061111
1 0.234375 0.631250 0.050000 0.118056
