0 0.980078 0.913194 0.038281 0.173611
0 0.692969 0.434722 0.029687 0.066667
0 0.614453 0.343750 0.014844 0.034722
0 0.607422 0.313889 0.011719 0.027778
0 0.625781 0.300694 0.007812 0.020833
0 0.626953 0.293056 0.007031 0.019444
0 0.637500 0.286806 0.006250 0.018056
0 0.640625 0.279861 0.004687 0.015278
0 0.643750 0.275694 0.004687 0.015278
0 0.633203 0.270833 0.005469 0.011111
0 0.607812 0.266667 0.004687 0.011111
0 0.576562 0.263194 0.003125 0.009722
1 0.334766 0.435417 0.032031 0.062500
1 0.410156 0.345833 0.017188 0.033333
1 0.459766 0.311111 0.011719 0.025000
1 0.496484 0.299306 0.010156 0.023611
1 0.526563 0.286806 0.007812 0.018056
1 0.548828 0.280556 0.005469 0.016667
1 0.565234 0.275694 0.005469 0.012500
1 0.573438 0.272222 0.003125 0.011111
