0 0.991016 0.901389 0.017969 0.116667
0 0.828125 0.598611 0.056250 0.130556
0 0.739844 0.457639 0.032813 0.070833
0 0.717187 0.389583 0.018750 0.059722
0 0.739062 0.352083 0.015625 0.051389
0 0.781641 0.344444 0.013281 0.036111
0 0.806250 0.338194 0.009375 0.026389
0 0.721875 0.277083 0.003125 0.012500
0 0.757422 0.284722 0.003906 0.011111
0 0.796875 0.294444 0.004687 0.013889
0 0.821484 0.302778 0.005469 0.016667
0 0.837891 0.309028 0.005469 0.015278
0 0.857031 0.318056 0.004687 0.016667
0 0.862500 0.325000 0.006250 0.016667
0 0.853125 0.330556 0.007812 0.019444
0 0.836328 0.336111 0.008594 0.025000
1 0.232813 0.597222 0.050000 0.108333
1 0.358203 0.443056 0.033594 0.072222
1 0.424219 0.379167 0.025000 0.050000
1 0.487500 0.345833 0.018750 0.036111
1 0.540625 0.322222 0.015625 0.027778
1 0.578516 0.311806 0.011719 0.023611
1 0.619922 0.304861 0.010156 0.023611
1 0.679297 0.304167 0.010156 0.022222
1 0.726953 0.304861 0.007031 0.018056
1 0.757812 0.305556 0.006250 0.019444
1 0.780859 0.306250 0.005469 0.015278
1 0.772656 0.299306 0.004687 0.015278
1 0.766406 0.295139 0.004687 0.012500
1 0.747656 0.288889 0.004687 0.013889
1 0.714844 0.280556 0.004687 0.013889
