1 0.179297 0.763194 0.075781 0.159722
1 0.249609 0.511111 0.035156 0.086111
1 0.223047 0.415278 0.021094 0.050000
1 0.198047 0.377778 0.014844 0.033333
1 0.182031 0.359028 0.010937 0.026389
1 0.192578 0.340278 0.008594 0.022222
1 0.214453 0.323611 0.007031 0.019444
1 0.243750 0.309028 0.006250 0.018056
1 0.267188 0.298611 0.004687 0.016667
1 0.294141 0.288889 0.003906 0.011111
1 0.323437 0.280556 0.004687 0.013889
0 0.383203 0.272917 0.005469 0.015278
0 0.363281 0.278472 0.004687 0.015278
0 0.345313 0.284722 0.006250 0.016667
0 0.331641 0.291667 0.005469 0.016667
0 0.314844 0.300694 0.007812 0.018056
0 0.316016 0.313889 0.007031 0.019444
0 0.325391 0.320833 0.011719 0.025000
0 0.371875 0.330556 0.014063 0.030556
0 0.461328 0.348611 0.017969 0.041667
0 0.604688 0.397917 0.026562 0.056944
0 0.759375 0.512500 0.043750 0.091667
0 0.993750 0.852778 0.012500 0.052778
