1 0.127734 0.756250 0.075781 0.151389
1 0.363672 0.421528 0.024219 0.062500
1 0.425000 0.340278 0.014063 0.038889
1 0.452734 0.304861 0.007031 0.026389
1 0.483203 0.290278 0.007031 0.019444
1 0.510547 0.281944 0.007031 0.016667
1 0.534766 0.275694 0.005469 0.015278
1 0.553516 0.271528 0.003906 0.012500
1 0.567578 0.268750 0.002344 0.009722
1 0.574609 0.265278 0.003906 0.008333
1 0.507422 0.257639 0.002344 0.009722
1 0.496875 0.258333 0.003125 0.005556
1 0.487109 0.257639 0.002344 0.006944
1 0.476953 0.256250 0.002344 0.006944
1 0.479687 0.256250 0.001563 0.006944
1 0.499609 0.250694 0.002344 0.006944
1 0.559375 0.260417 0.003125 0.009722
1 0.545703 0.261111 0.002344 0.008333
1 0.526563 0.260417 0.003125 0.006944
0 0.580469 0.259722 0.003125 0.008333
0 0.606641 0.261111 0.003906 0.011111
0 0.635938 0.268750 0.003125 0.012500
0 0.628516 0.265972 0.002344 0.012500
0 0.629687 0.272222 0.003125 0.008333
0 0.625391 0.275694 0.003906 0.015278
0 0.614453 0.279861 0.005469 0.015278
0 0.611328 0.284028 0.005469 0.015278
0 0.593750 0.290972 0.006250 0.018056
0 0.591406 0.306944 0.009375 0.022222
0 0.621484 0.338194 0.016406 0.037500
0 0.515625 0.253472 0.003125 0.009722
0 0.518359 0.255556 0.002344 0.008333
0 0.523047 0.256250 0.002344 0.006944
0 0.532031 0.257639 0.001563 0.006944
0 0.541406 0.256944 0.003125 0.008333
0 0.676562 0.415278 0.028125 0.063889
0 0.917578 0.755556 0.072656 0.158333
