0 0.815625 0.286806 0.003125 0.009722
0 0.839453 0.294444 0.003906 0.011111
0 0.907422 0.312500 0.003906 0.011111
0 0.928516 0.318750 0.003906 0.012500
0 0.940625 0.325000 0.004687 0.013889
0 0.953125 0.333333 0.004687 0.013889
0 0.950391 0.337500 0.005469 0.011111
0 0.933594 0.337500 0.006250 0.016667
0 0.906250 0.336806 0.007812 0.018056
0 0.869922 0.334722 0.008594 0.022222
0 0.842969 0.334722 0.009375 0.022222
0 0.793750 0.334028 0.010937 0.026389
0 0.759375 0.342361 0.012500 0.031944
0 0.746875 0.361806 0.014063 0.037500
0 0.751563 0.393056 0.021875 0.050000
0 0.774609 0.434028 0.025781 0.059722
0 0.794922 0.277778 0.003906 0.008333
0 0.791406 0.281944 0.003125 0.008333
0 0.789062 0.278472 0.003125 0.006944
0 0.856250 0.530556 0.042188 0.086111
0 0.995313 0.790972 0.009375 0.037500
1 0.164453 0.922222 0.107031 0.155556
1 0.378125 0.545833 0.043750 0.097222
1 0.456250 0.425000 0.029687 0.058333
1 0.507031 0.367361 0.017188 0.040278
1 0.548047 0.339583 0.014844 0.031944
1 0.580859 0.322917 0.013281 0.026389
1 0.619922 0.312500 0.010156 0.022222
1 0.658984 0.306250 0.007031 0.020833
1 0.689063 0.303472 0.007812 0.020833
1 0.723047 0.304861 0.007031 0.018056
1 0.775000 0.306944 0.006250 0.016667
1 0.820703 0.310417 0.005469 0.018056
1 0.851562 0.315278 0.006250 0.016667
1 0.856641 0.302083 0.003906 0.009722
1 0.876172 0.315972 0.003906 0.012500
1 0.873437 0.313194 0.003125 0.012500
1 0.871094 0.309028 0.003125 0.009722
1 0.827734 0.295833 0.003906 0.011111
1 0.799219 0.288889 0.003125 0.011111
