1 0.235547 0.764583 0.038281 0.151389
1 0.414453 0.497222 0.039844 0.080556
1 0.479297 0.398611 0.021094 0.058333
1 0.524219 0.346528 0.018750 0.043056
1 0.561719 0.320833 0.010937 0.033333
1 0.594141 0.309722 0.011719 0.027778
1 0.632422 0.300694 0.010156 0.023611
1 0.670703 0.295833 0.008594 0.022222
1 0.700391 0.292361 0.007031 0.020833
1 0.733594 0.292361 0.006250 0.018056
1 0.785156 0.297222 0.007812 0.019444
1 0.831641 0.302083 0.005469 0.018056
1 0.861328 0.304861 0.005469 0.018056
1 0.887109 0.307639 0.003906 0.012500
1 0.885547 0.304167 0.003906 0.013889
1 0.883203 0.301389 0.003906 0.011111
1 0.868750 0.293750 0.004687 0.012500
1 0.840625 0.288194 0.003125 0.009722
1 0.812109 0.279861 0.003906 0.009722
0 0.816016 0.276389 0.002344 0.008333
0 0.828516 0.279861 0.002344 0.012500
0 0.852344 0.285417 0.003125 0.012500
0 0.885547 0.291667 0.002344 0.008333
0 0.919922 0.304861 0.003906 0.012500
0 0.940234 0.311806 0.003906 0.015278
0 0.953125 0.317361 0.004687 0.015278
0 0.964453 0.325000 0.003906 0.013889
0 0.961328 0.327778 0.003906 0.016667
0 0.942969 0.329167 0.006250 0.016667
0 0.914453 0.327778 0.008594 0.019444
0 0.877734 0.325694 0.010156 0.023611
0 0.850391 0.323611 0.008594 0.022222
0 0.801562 0.322917 0.010937 0.026389
0 0.765234 0.329861 0.011719 0.029167
0 0.751953 0.347917 0.014844 0.034722
0 0.753516 0.377778 0.019531 0.041667
0 0.772656 0.413194 0.025000 0.056944
0 0.838672 0.494444 0.036719 0.077778
0 0.966016 0.686806 0.061719 0.126389
