1 0.315625 0.534722 0.042188 0.102778
1 0.433203 0.396528 0.022656 0.056944
1 0.478125 0.343750 0.017188 0.037500
1 0.492969 0.327083 0.012500 0.034722
1 0.484375 0.310417 0.012500 0.029167
1 0.445312 0.304861 0.009375 0.026389
1 0.414453 0.304861 0.008594 0.018056
1 0.373828 0.302778 0.008594 0.019444
1 0.341797 0.299306 0.005469 0.012500
1 0.323828 0.297917 0.005469 0.012500
1 0.310547 0.297917 0.005469 0.012500
1 0.303516 0.295139 0.005469 0.012500
1 0.301172 0.290972 0.005469 0.012500
1 0.312891 0.285417 0.003906 0.012500
1 0.323437 0.281944 0.003125 0.011111
0 0.830469 0.550000 0.042188 0.100000
0 0.744922 0.415972 0.025781 0.062500
0 0.681250 0.350694 0.017188 0.040278
0 0.650781 0.321528 0.012500 0.031944
0 0.608203 0.302778 0.010156 0.027778
0 0.547266 0.291667 0.008594 0.022222
0 0.485938 0.286806 0.009375 0.020833
0 0.443750 0.286806 0.006250 0.018056
0 0.407031 0.284722 0.004687 0.011111
0 0.391406 0.283333 0.004687 0.011111
0 0.376563 0.281944 0.004687 0.011111
0 0.371094 0.281944 0.004687 0.011111
0 0.367188 0.279167 0.004687 0.011111
0 0.374219 0.272222 0.004687 0.011111
0 0.382812 0.273611 0.004687 0.011111
