1 0.164062 0.784722 0.073438 0.169444
1 0.414844 0.454167 0.031250 0.080556
1 0.477344 0.382639 0.020313 0.054167
1 0.514062 0.344444 0.012500 0.036111
1 0.546094 0.318056 0.010937 0.033333
1 0.581250 0.304167 0.009375 0.025000
1 0.607422 0.299306 0.008594 0.023611
1 0.641016 0.294444 0.008594 0.022222
1 0.676953 0.291667 0.007031 0.016667
1 0.705078 0.290278 0.005469 0.016667
1 0.737109 0.292361 0.005469 0.015278
1 0.785156 0.295833 0.004687 0.013889
1 0.830469 0.301389 0.004687 0.013889
1 0.859766 0.305556 0.003906 0.013889
1 0.885156 0.308333 0.004687 0.013889
0 0.894141 0.297917 0.003906 0.012500
0 0.899609 0.322222 0.007031 0.019444
0 0.862500 0.319444 0.007812 0.019444
0 0.834375 0.318056 0.009375 0.019444
0 0.785547 0.313889 0.008594 0.019444
0 0.842187 0.284722 0.003125 0.011111
0 0.831250 0.282639 0.003125 0.009722
0 0.747266 0.316667 0.010156 0.025000
0 0.728516 0.325694 0.011719 0.029167
0 0.717969 0.339583 0.015625 0.031944
0 0.719922 0.361111 0.016406 0.030556
0 0.743750 0.393056 0.021875 0.050000
0 0.780078 0.456250 0.030469 0.070833
0 0.962500 0.734722 0.067187 0.147222
0 0.925000 0.306250 0.004687 0.012500
0 0.943359 0.313194 0.003906 0.012500
0 0.951562 0.317361 0.004687 0.012500
0 0.958594 0.322917 0.004687 0.012500
0 0.951172 0.327083 0.005469 0.012500
0 0.931250 0.324306 0.006250 0.015278
