0 0.930078 0.859028 0.074219 0.195833
0 0.777344 0.541667 0.040625 0.105556
0 0.726172 0.418056 0.024219 0.058333
0 0.677734 0.352778 0.014844 0.047222
0 0.650391 0.324306 0.013281 0.031944
0 0.612891 0.304167 0.010156 0.025000
0 0.565625 0.295139 0.007812 0.020833
0 0.528125 0.284028 0.007812 0.020833
0 0.482812 0.281250 0.006250 0.015278
0 0.419922 0.281250 0.005469 0.012500
0 0.364063 0.284722 0.004687 0.013889
0 0.323828 0.288889 0.003906 0.013889
0 0.303906 0.287500 0.004687 0.013889
0 0.285156 0.286806 0.003125 0.006944
0 0.280469 0.285417 0.003125 0.006944
0 0.282031 0.281250 0.003125 0.006944
0 0.289062 0.279861 0.003125 0.006944
0 0.297656 0.277083 0.003125 0.006944
1 0.248047 0.491667 0.032031 0.077778
1 0.395703 0.379861 0.021094 0.043056
1 0.460547 0.345139 0.014844 0.034722
1 0.495703 0.325000 0.011719 0.033333
1 0.466797 0.308333 0.010156 0.025000
1 0.448828 0.300694 0.008594 0.018056
1 0.412500 0.297917 0.007812 0.018056
1 0.355859 0.296528 0.005469 0.020833
1 0.303125 0.297917 0.006250 0.018056
1 0.259375 0.304861 0.004687 0.015278
1 0.235547 0.304167 0.003906 0.008333
1 0.223828 0.302778 0.003906 0.008333
1 0.225391 0.297222 0.003906 0.008333
1 0.227734 0.291667 0.003906 0.008333
1 0.237109 0.290278 0.003906 0.008333
1 0.249609 0.286111 0.003906 0.008333
