1 0.228906 0.682639 0.062500 0.137500
1 0.368750 0.461111 0.032813 0.072222
1 0.442578 0.382639 0.024219 0.054167
1 0.489453 0.345139 0.017969 0.040278
1 0.539453 0.325694 0.014844 0.031944
1 0.585938 0.311111 0.010937 0.025000
1 0.619531 0.302778 0.009375 0.022222
1 0.657813 0.300000 0.009375 0.019444
1 0.714063 0.300000 0.007812 0.019444
1 0.760547 0.300694 0.007031 0.018056
1 0.791016 0.303472 0.005469 0.018056
1 0.786328 0.288194 0.003906 0.012500
1 0.803516 0.294444 0.003906 0.011111
1 0.808203 0.297222 0.003906 0.011111
1 0.814063 0.303472 0.004687 0.015278
1 0.754687 0.282639 0.004687 0.009722
0 0.737500 0.273611 0.004687 0.011111
0 0.763672 0.278472 0.003906 0.012500
0 0.710156 0.266667 0.003125 0.008333
0 0.717969 0.263889 0.003125 0.008333
0 0.798047 0.285417 0.003906 0.009722
0 0.834766 0.295139 0.003906 0.012500
0 0.858594 0.301389 0.004687 0.013889
0 0.873828 0.309028 0.005469 0.012500
0 0.889844 0.317361 0.004687 0.015278
0 0.893750 0.323611 0.004687 0.016667
0 0.880859 0.325000 0.007031 0.016667
0 0.859375 0.327778 0.009375 0.019444
0 0.827734 0.329861 0.011719 0.023611
0 0.803516 0.331944 0.011719 0.027778
0 0.757812 0.339583 0.014063 0.031944
0 0.730078 0.358333 0.016406 0.041667
0 0.733984 0.403472 0.022656 0.051389
0 0.776172 0.478472 0.038281 0.079167
0 0.866016 0.609028 0.053906 0.118056
