1 0.342578 0.605556 0.050781 0.122222
1 0.453906 0.443750 0.029687 0.073611
1 0.505469 0.375694 0.018750 0.048611
1 0.545312 0.338194 0.014063 0.040278
1 0.581250 0.317361 0.010937 0.029167
1 0.610547 0.305556 0.008594 0.025000
1 0.646484 0.298611 0.008594 0.022222
1 0.683594 0.293056 0.007812 0.022222
1 0.713672 0.291667 0.007031 0.019444
1 0.746484 0.292361 0.005469 0.018056
1 0.795312 0.295833 0.006250 0.016667
1 0.842969 0.301389 0.004687 0.016667
1 0.873047 0.307639 0.005469 0.012500
1 0.898828 0.311806 0.003906 0.012500
1 0.894922 0.306250 0.003906 0.012500
1 0.882422 0.299306 0.003906 0.012500
1 0.855078 0.292361 0.003906 0.012500
1 0.826953 0.282639 0.003906 0.012500
0 0.897266 0.582639 0.042969 0.109722
0 0.811328 0.456250 0.030469 0.070833
0 0.762891 0.393056 0.019531 0.050000
0 0.750391 0.363194 0.019531 0.043056
0 0.752734 0.338194 0.013281 0.034722
0 0.769531 0.323611 0.010937 0.030556
0 0.807031 0.320833 0.009375 0.025000
0 0.857031 0.323611 0.007812 0.025000
0 0.883984 0.322222 0.008594 0.022222
0 0.922656 0.327083 0.007812 0.018056
0 0.951562 0.329167 0.006250 0.016667
0 0.971094 0.329167 0.006250 0.016667
0 0.975781 0.325000 0.006250 0.016667
0 0.966016 0.320833 0.003906 0.013889
0 0.954297 0.315278 0.003906 0.013889
0 0.934766 0.308333 0.003906 0.013889
